0.548 0.852 55.820
0.929 1.772 61.140
1.833 2.267 60.130
2.309 3.125 61.380
3.231 3.583 63.020
3.602 4.165 58.360
4.294 5.001 63.180
5.802 6.183 60.910
6.191 7.075 60.260
7.161 7.504 57.940
7.514 8.159 59.870
8.169 9.275 60.990
10.678 11.076 56.160
11.092 11.940 61.020
11.977 12.404 60.090
12.409 13.170 60.940
13.250 13.578 62.840
13.619 14.235 58.940
14.265 14.755 62.920
15.674 15.930 60.810
16.011 16.761 60.030
16.833 17.242 58.110
17.247 17.848 59.760
17.875 18.802 60.960
19.956 20.380 64.650
20.382 21.176 64.940
21.195 21.618 64.570
21.622 22.529 64.930
22.552 22.927 64.670
22.940 23.429 64.850
23.446 24.051 65.000
24.770 25.112 64.280
25.119 25.903 62.910
25.970 26.326 60.740
26.335 26.919 62.780
26.923 27.643 64.600
